5738
12249
15479
16806
2580
3775
5471
16389
3883
3935
5414
10456
8120
15854
562
6073
11069
7675
8961
7637
15831
2228
18698
11469
2462
1334
3471
17474
10385
2893
2943
1957
18539
17635
11118
4963
15858
6338
15437
7610
5622
10504
670
13941
5827
2690
13895
2106
14064
3797
10194
19488
15615
7575
17436
14944
5889
326
9809
6940
2478
14011
15057
2608
8184
1997
792
17776
13115
11660
16607
7713
11889
10883
11595
6260
15489
13276
15038
13712
5981
12269
6808
15909
14467
1755
14328
5617
9554
12714
4904
12147
3848
19210
1428
19527
14835
7023
18329
12163
9120
4926
6779
18338
18116
6117
11404
16326
10912
5689
16096
16404
7578
16593
2034
4793
19413
14954
16624
17887
16649
17782
3897
15054
1600
8163
13265
9550
8684
10927
11855
10425
10063
14857
18748
1969
12753
18725
1020
6139
10050
13876
19645
17595
17973
6964
9910
14625
3422
5730
13536
7801
14588
18677
9579
18682
19756
4063
1308
7876
14263
2300
10563
11976
343
15822
7527
7062
4131
16572
6510
10058
4937
14492
10303
10755
6969
10915
8312
8046
19292
9601
18692
14373
13139
2307
2359
7384
17689
10711
10469
9933
12694
828
4888
5688
7112
7459
10970
10345
13786
6646
9409
8761
13897
17144
9957
14528
10519
16747
13924
16697
2447
11903
7707
18756
9944
12517
14514
7255
6098
16815
3045
54
5667
1240
10370
2060
12415
3522
1712
12746
7511
6173
13859
10288
17803
5271
10327
15568
2785
7633
6574
18548
6374
6868
10973
10894
1409
4863
11055
9449
226
6457
16053
12146
17137
3689
10368
719
18359
16075
18253
512
18238
250
349
527
1571
14710
19709
4796
7623
10565
15914
4933
5127
2619
15251
8638
3277
5099
11356
7913
7514
2292
6729
19306
18743
16232
18780
15178
8255
11521
18783
783
3101
17247
13309
18893
17994
2982
1613
15141
5950
3465
7571
8670
18325
13331
3541
12919
5935
447
16205
1056
183
2053
18694
8546
17269
15700
8321
5781
11074
3416
3609
17897
1358
12553
1642
19736
12431
19103
13873
18758
7942
8342
923
6759
18146
16574
16752
18450
12025
19221
7991
10554
6082
16157
4732
6051
11441
15577
11147
8840
10743
895
17155
17727
4754
787
9848
14906
11089
5034
714
14640
6445
12158
13363
16225
16279
18622
7737
5659
16440
16037
4967
15611
6469
8415
10559
6391
186
7946
5621
3489
4892
8648
18168
14206
419
5703
2976
3612
7823
5600
10217
16078
1370
14926
18397
359
10203
7265
12303
3168
5990
3291
8253
7556
17941
12478
7430
6390
18373
9201
695
15244
17645
18679
1176
1303
3892
14379
2468
257
17442
2643
9264
19262
13732
2635
845
14653
8531
5651
15398
3626
5082
9562
17972
14765
645
8188
3415
12908
7497
8636
18042
8478
2125
18926
14002
12619
288
6258
8823
1279
9532
9594
13295
6920
9130
60
4805
9852
811
1310
11194
8709
1615
17528
15589
2475
15668
10175
4365
17774
15129
9827
9028
16193
6155
16672
10791
19033
11085
4643
15323
4353
7872
1888
4839
14015
15791
3492
1943
631
19361
17457
17410
13632
8047
18815
561
12777
1636
2990
10661
16615
7783
13048
9434
17164
17965
14220
6482
15674
9659
11447
6528
12947
17044
9525
18547
15380
11905
17898
8156
12049
1578
6924
16938
8170
12492
8616
15391
9172
9920
7123
11489
16369
8543
15346
3515
17043
3162
11189
4621
14017
12256
14459
9769
4173
821
6894
4613
10269
28
6512
15456
11324
17740
11403
11858
17505
10666
2925
13679
7878
15152
3345
12008
18891
6352
18072
7207
9788
12890
3901
17255
17085
15310
2712
6627
13932
6656
9865
8122
19495
14421
13639
14723
7670
3244
19532
7931
3353
7718
19112
10672
13166
13509
12255
19782
3991
14573
17674
4776
19291
5967
7679
10437
11084
13342
1388
184
14928
10540
4258
13382
13420
14226
6128
16104
1192
19252
11944
8685
11353
9683
15565
2939
8186
2898
13000
4348
10515
5366
4659
19555
19485
14959
8515
4291
16717
16101
17612
4194
12732
4624
17148
6229
9428
2761
7504
7695
11034
669
391
18088
17849
12964
431
25
10192
18058
16818
5824
15583
6021
5189
7906
1276
1423
8094
864
10778
12737
16974
18308
18798
6199
13032
4978
15079
8580
17407
18272
2843
17944
6694
19007
9638
8061
16107
2913
10424
8307
15184
6144
4566
7409
4674
17278
9789
15049
11886
4508
19333
11906
16278
15435
17976
10998
18604
19230
9943
18154
11449
14996
11039
2894
15800
1580
18401
4914
8088
6685
16133
11372
13603
251
18633
5507
8175
9785
8910
14138
4326
10122
17816
6264
8600
11467
12857
11114
8372
17709
13545
4174
13393
5020
12067
708
5146
1436
1343
11775
5443
9127
9049
1942
11717
13649
9146
14711
473
5510
8454
19286
413
1927
18899
1419
15958
12778
16294
16740
13216
14179
8583
17986
18179
17841
7536
12993
4607
15009
16324
8652
5875
16006
18310
1525
15060
802
13207
10294
325
16526
12727
5672
17925
5336
8926
6060
2722
5498
15616
1919
1959
19357
9282
14943
17863
12488
8581
11183
6413
1961
15805
3449
7724
17741
863
9810
916
17226
15941
11787
6190
15763
18380
6124
6237
19281
12456
14921
12616
6681
17441
1830
32
692
10428
14327
19768
4369
15983
18149
11485
3017
5554
5374
17009
9031
7740
9651
17574
16260
45
13698
10220
9693
1291
18632
17215
5048
10123
11748
14140
4287
15167
13487
11134
17005
5594
4971
11794
10938
8960
476
10148
12989
13748
15473
6406
11767
9499
12179
19443
12427
4522
11783
1210
16640
13990
17550
16832
13094
11887
5434
9886
17868
37
1005
13233
5756
16686
14240
12378
15803
16028
4509
11347
426
16768
450
16968
19787
11593
5676
19511
19064
9805
6119
617
14190
16712
10443
14013
5974
18177
13652
17061
9197
11212
883
14714
7643
4357
18573
17408
19247
5075
13492
10383
2703
1273
2731
19746
11229
6150
13187
13348
3663
11178
15781
133
8462
6161
475
17344
4305
17502
11086
5255
13080
16412
8127
8682
568
5788
12355
14523
8667
10717
11618
3664
18523
9468
9142
16245
18689
11808
4649
6083
13690
84
7859
12985
4225
11724
13547
8874
17731
14209
6266
2999
9258
6026
9176
16026
13530
12975
6430
1218
174
13146
15619
17497
13994
4843
4474
13307
7210
7107
8782
15561
1261
17543
17610
7538
14524
8510
10534
13172
16253
4724
14501
15888
10001
18976
10118
19494
10783
17388
14175
10913
8753
13533
9451
9214
14239
17872
17537
9152
13762
14289
6522
11362
2936
15353
2729
18223
15716
10144
17484
12866
221
9703
5478
10121
16442
19394
12856
18543
16600
15899
16391
5692
17062
3665
19058
12243
6775
9247
18808
16798
14311
5562
8931
17038
17010
6407
1154
12197
171
10382
435
11428
10381
9192
15819
14259
19250
15982
15984
15506
8804
17371
18446
14764
18217
16976
5586
18731
7932
11322
11354
6040
18475
227
13967
13221
16207
19062
6032
13182
9039
12596
14308
453
19163
1201
15150
1166
10244
9188
10130
11780
17041
7348
5259
17115
423
8806
11994
16866
18453
17052
9050
434
14456
6881
393
9126
15227
6009
5540
5700
15823
5245
15281
5690
5602
220
13488
4885
17880
5363
13982
18092
5693
18436
7777
1002
9948
18090
6758
6581
191
17824
7385
12931
5580
9521
9045
463
4216
12635
13983
19703
13961
694
992
13760
18522
210
18095
15190
216
12419
14635
10746
18983
5279
10705
17077
12035
18519
14300
9504
9624
10556
155
15638
11070
14986
9600
17118
16739
7017
12620
7662
11031
9945
1198
5322
7085
8028
9242
18010
11809
13288
204
8711
193
8064
1187
5365
17527
212
9471
616
10564
17892
11359
432
13789
9666
13784
10595
19748
6632
1217
9469
6429
6431
9233
12051
14375
8791
10137
17291
15007
5347
16283
13506
17844
6872
18520
5079
19562
5276
15502
17734
152
6562
9190
7967
12700
11103
13163
5257
150
19020
15495
9136
11601
8809
12602
7837
11059
15964
1216
15151
11316
16783
323
8723
8698
13394
19233
17915
12068
9262
18386
2702
17701
10550
5325
153
8967
12151
18556
10044
12957
9263
12848
7203
18470
4860
159
8962
9973
8722
14507
12149
15499
5590
1162
12280
965
160
9240
6495
15798
10842
14331
10166
190
18555
14638
4826
15509
1169
8727
624
1170
178
9395
18544
11097
15092
9245
12827
15230
11938
6695
12847
1158
3510
15939
9239
6630
182
13675
15132
16177
10248
8716
16185
107
13202
12831
14049
181
18503
18465
2373
48
19267
12027
18466
18013
18474
18468
16402
15684
18554
18464
18467
18515
8813
13723
8811
18463
14526
18469
7056
16845
2312
18860
15235
2085
19321
