5738
12249
15479
16806
2580
3775
5471
16389
3883
3935
5414
10456
8120
15854
562
6073
11069
7675
8961
7637
15831
2228
18698
11469
2462
1334
3471
17474
10385
2893
2943
1957
18539
17635
11118
4963
15858
6338
15437
7610
5622
10504
670
13941
5827
2690
13895
2106
14064
3797
10194
19488
15615
7575
17436
14944
5889
326
9809
6940
2478
14011
15057
2608
8184
1997
792
17776
13115
11660
16607
7713
11889
10883
11595
6260
15489
13276
15038
13712
5981
12269
6808
15909
14467
1755
14328
5617
9554
12714
4904
12147
3848
19210
1428
19527
14835
7023
18329
12163
9120
4926
6779
18338
18116
6117
11404
16326
10912
5689
16096
16404
7578
16593
2034
4793
19413
14954
16624
17887
16649
17782
3897
15054
1600
8163
13265
9550
8684
10927
11855
10425
10063
14857
18748
1969
12753
18725
1020
6139
10050
13876
19645
17595
17973
6964
9910
14625
3422
5730
13536
7801
14588
18677
9579
18682
19756
4063
1308
7876
14263
2300
10563
11976
343
15822
7527
7062
4131
16572
6510
10058
4937
14492
10303
10755
6969
10915
8312
8046
19292
9601
18692
14373
13139
2307
2359
7384
17689
10711
10469
9933
12694
828
4888
5688
7112
7459
10970
10345
13786
6646
9409
8761
13897
17144
9957
14528
10519
16747
13924
16697
2447
11903
7707
18756
9944
12517
14514
7255
6098
16815
3045
54
5667
1240
10370
2060
12415
3522
1712
12746
7511
6173
13859
10288
17803
5271
10327
15568
2785
7633
6574
18548
6374
6868
10973
10894
1409
4863
11055
9449
226
6457
16053
12146
17137
3689
10368
719
18359
16075
18253
512
18238
250
349
527
1571
14710
19709
4796
7623
10565
15914
4933
5127
2619
15251
8638
3277
5099
11356
7913
7514
2292
6729
19306
18743
16232
18780
15178
8255
11521
18783
783
3101
17247
13309
18893
17994
2982
1613
15141
5950
3465
7571
8670
18325
13331
3541
12919
5935
447
16205
1056
183
2053
18694
8546
17269
15700
8321
2312
5781
11074
3416
3609
17897
18860
1358
12553
15235
1642
19736
12431
19103
13873
18758
7942
8342
923
6759
18146
2085
16574
16752
18450
12025
19221
7991
10554
6082
16157
4732
19321
6051
11441
15577
11147
8840
10743
895
17155
17727
4754
787
9848
14906
11089
5034
714
2039
14640
6445
12158
13363
16225
16279
18622
7737
5659
16440
16037
4967
15611
6469
8415
10559
6391
186
7946
5621
3489
4892
8648
18168
14206
12193
419
5703
2976
3612
7823
5600
12676
10217
16078
1370
14926
18397
18048
359
10203
7265
12303
3168
5990
3291
8253
7556
17941
12478
7430
6390
18373
9201
695
15244
17645
18679
1176
1303
3892
14379
2468
257
17442
2643
12270
9264
19262
13732
2635
845
14653
7490
8531
5651
15398
3626
5082
9562
17972
14765
645
8188
3415
12908
7497
8636
18042
8478
2125
18926
19438
14002
12619
288
6258
8823
1279
9532
9594
13295
6920
9130
60
4805
9852
811
1310
11194
8709
1615
17528
15589
2475
12164
15668
10175
4365
17774
15129
9827
9028
16193
2174
6155
16672
1832
79
10791
19033
11085
14236
4643
15323
4353
7872
1888
4839
14015
15791
14718
3492
1943
631
19361
17457
14674
17410
18213
13632
8047
18815
561
12777
1636
2990
10661
16615
7783
13048
9434
17164
17965
14220
6482
2336
17341
15674
9659
11447
6528
9587
12947
17044
9525
18547
15380
11905
17898
8156
12049
13075
1578
6924
16938
8170
12492
8616
15391
9172
9920
7123
11489
16369
11856
19309
8543
15346
3515
17043
2438
3162
11189
4621
14017
12256
14459
10104
9769
4173
821
6894
4613
18320
2181
10269
28
6512
15456
11324
17740
11403
13576
11858
17505
2684
3849
10666
2925
13679
7878
15152
3345
12008
18891
6352
18072
7207
11843
9788
12890
3901
17255
17085
15310
2712
6627
13932
6656
9865
11405
8122
19495
1103
14421
13639
14723
17753
12922
7670
3244
19532
7931
3353
7718
19112
15316
10672
13166
13509
19146
12255
19782
522
3991
14573
17674
4776
16982
19291
6597
10324
3094
5967
7679
3142
17398
9965
19157
10437
11084
15357
13342
1388
184
14928
10540
5714
11307
4258
13382
13420
14226
3446
6128
7110
16104
1192
2314
6674
19252
11944
8685
11353
10751
9683
9097
15565
2939
8186
2578
2898
13000
3509
4348
12329
10515
3008
5366
10648
4659
16890
19555
11026
19485
14959
8515
4291
16717
16101
17612
4194
12732
7060
4624
17148
6229
14679
9428
2761
7504
16583
7695
11034
669
391
18088
17849
12964
431
25
10192
11949
18058
7555
16818
5824
15583
13140
6021
5189
7906
16733
1276
1423
8094
2582
864
10778
12737
16974
18308
18798
6199
13032
4978
15079
8580
15620
17407
6586
18272
2843
17944
6694
19007
9638
11861
7791
8061
16107
2913
10424
8307
15184
6144
3028
7665
4566
7409
4674
17278
9789
15049
11886
4508
19333
11906
16278
15435
17976
10998
18604
16364
9536
19230
14659
9943
18154
18537
16704
11449
14996
11039
14398
2894
15800
3871
1580
18401
4914
8088
9674
6685
16133
11372
13603
251
3532
5062
18633
5507
8175
9785
3503
8910
14138
4326
10122
17816
6264
8600
11467
12623
10084
12857
11114
8372
17709
13545
13613
3671
4174
16450
13393
17768
2150
13839
5020
12067
4692
12845
16663
708
15731
7411
5146
1436
1343
11775
5443
9127
9049
17952
6498
1942
11717
13649
9146
549
14711
473
5510
8454
4680
19286
413
7830
2994
1927
15369
18899
2570
4968
3329
5614
1094
1419
19468
15958
12778
16294
16740
13216
14179
8583
4021
17986
18179
17841
7536
13174
6875
12993
8375
10673
11305
4607
15009
18004
4032
16324
7765
8652
5875
7485
13676
16006
18310
1525
15060
802
7423
13207
10294
13151
325
16526
12727
3402
5672
2752
17925
18681
4107
5336
13771
8926
3018
4703
6060
1061
2722
5498
4356
15616
3108
1919
13266
3854
1959
16652
7117
19357
10319
10776
9282
14943
17863
12488
3295
19457
8581
17199
10649
11183
16671
6413
1961
12981
15805
3449
14345
7724
14243
17741
863
3995
9810
19220
916
17226
7686
15941
8332
13648
10712
11787
1472
6190
15763
18380
6124
6237
19281
12456
17198
14921
12616
6681
17441
13112
12948
1830
32
692
10209
10428
14327
1493
19768
14682
1050
2691
6686
4369
3339
17487
406
15983
18149
19229
11485
3017
5554
7962
11952
10109
15497
5374
17009
15641
9031
7740
13930
9651
17414
7947
18870
17574
2044
16260
45
4212
13698
4110
10220
9693
1420
1291
18632
8315
9717
1594
17215
13607
1345
15156
5048
9845
8036
7233
2554
10123
9684
16111
11748
752
12333
14140
7716
971
9892
5084
4287
15167
5804
13487
11134
14838
17005
5594
4966
4971
7547
11794
3323
10938
8960
476
762
10148
17385
10241
17977
8058
12989
19552
1737
13748
12485
15473
6406
11767
9499
14427
18997
12179
19443
12427
4522
11783
10799
1210
1501
1734
5036
16640
12140
13990
17550
1307
9260
786
16832
13094
15343
15140
1911
11887
13641
5434
1766
10279
9886
17868
37
1005
8617
15210
5147
4041
997
8218
2677
13233
5756
16686
8208
14240
2829
12805
15921
12378
6534
4034
17744
12661
15803
19212
15526
16028
1944
17687
4362
4509
11347
426
1632
16768
14450
450
14383
16968
19787
11593
18391
5676
19511
9373
19064
18603
6397
2603
9805
6119
19646
11744
15466
617
14190
16712
10443
10163
949
14013
5974
18177
13652
19234
17061
9197
11212
883
14714
7643
1649
4357
1443
8392
939
18280
2805
18573
12756
17408
973
19247
18303
12264
1881
4998
12294
5075
13492
9806
10383
4114
1626
7446
1895
1053
3013
772
2703
353
6682
1273
2731
6250
19746
11229
6150
11578
15600
17357
13187
13348
7888
2911
1430
3663
7833
13409
11178
1953
15901
16194
18357
9329
10523
15781
17191
3983
133
8462
14382
1968
4532
6161
8389
475
3909
9825
10634
19028
9704
17344
18024
4305
17502
10577
1950
11086
11236
5255
4642
10136
9277
13080
16819
1662
17058
11424
809
17326
13038
4819
10218
16412
8127
4224
8682
8815
19171
568
12004
4856
1559
5788
12719
11589
1758
12355
14523
13261
10299
17640
8667
10717
7505
11618
3664
6561
18252
18523
408
7818
9468
10199
18844
13878
9142
13114
11037
16245
9746
13951
18689
11808
4801
4636
4649
6274
18658
12710
6083
13690
12043
2389
15208
8317
84
3941
7898
15342
7859
19623
1841
557
12055
19673
12985
8383
3856
19412
4225
2808
5200
11724
1728
10149
13547
10249
8874
13588
17731
4964
14209
6558
11802
5252
14192
6266
2999
9258
6026
8299
13715
9176
3990
16026
6288
10920
13530
18727
6259
12975
6430
5202
1043
11242
5883
1218
174
13146
15619
6287
17497
13994
3331
4843
12281
16434
15836
9310
19098
4474
8611
13307
7210
9518
8594
140
7107
4721
8782
15561
9877
10176
1261
17543
17610
15633
13241
7538
1378
14524
9337
6283
2083
8510
10534
13172
283
10775
16835
16253
10667
8609
4724
18778
19628
4542
1445
2426
295
14113
1402
14501
15888
9514
9712
10001
18976
10118
3894
4570
16056
1450
19494
17874
867
6992
10783
17388
14175
16606
16808
16003
4599
7949
9276
10913
13223
8753
354
13533
11743
13339
5115
8111
9451
5915
11754
16360
9214
14239
8977
11176
14741
9377
13018
2870
13285
17872
7681
17537
356
8225
16411
4381
524
11656
9152
13762
9458
11564
17456
14289
12085
6522
2863
11362
12520
5897
2936
15353
8205
2729
7109
14215
17861
18734
14424
14204
18223
17367
537
19243
17362
15716
86
11392
4312
10144
12107
6611
16696
13047
5070
12886
17484
242
19192
12866
221
9618
9703
8441
7287
1405
4361
12168
5895
11936
5478
17846
10121
3907
6996
9444
10238
16442
19394
322
17392
4437
12856
9009
5920
661
18543
8697
16600
10740
15899
16391
10747
5692
9740
8467
14542
9564
17062
3665
12286
1282
8593
19058
5642
12243
1386
3281
12715
2766
5398
17637
9483
15885
6775
9247
12167
18808
11915
16798
19349
14311
6099
8981
15504
4778
13550
5562
8931
17038
3985
12790
6438
14754
17010
12992
6407
12210
16383
1154
12197
17850
171
10382
13768
16548
435
15544
12053
18881
18163
16290
11428
859
13395
13493
10381
3921
39
9192
14502
8091
5940
12691
12205
15819
3687
606
14259
14853
19250
10440
15982
15984
15363
7824
11752
15506
7453
8804
17371
5232
8115
7937
14519
17686
18446
14764
2757
18217
854
11295
18986
16976
12765
5586
10343
13220
6160
18731
8666
66
12086
17613
8950
6800
11990
7932
11322
5212
16292
14499
8901
11354
9802
3625
6040
13916
18475
7904
227
13098
15214
13967
13221
16207
19062
6032
13182
9039
12596
599
14780
14308
1263
5445
453
18257
6203
12793
19163
18624
11228
1201
15150
11667
1166
16931
7856
10244
10461
13485
9188
4484
10130
11780
12103
15308
18696
3
17619
5214
17041
7348
5259
5680
17115
10263
13991
13352
423
8806
14098
9636
11994
18196
6080
16866
18453
17052
9050
434
12972
14456
6881
393
18985
9126
14078
18942
15227
16355
10760
6009
15390
14268
5540
8878
10362
16234
8948
740
5700
14053
15823
14295
11640
5890
13445
18690
5245
17464
17059
15281
13727
5690
2768
14482
5602
220
13488
4885
7714
17462
8668
8147
17880
13700
10773
5363
15309
6157
13982
14241
18092
5693
18436
11651
7777
1002
14324
9948
8758
8882
18090
6758
6581
191
10537
12453
17824
7385
11647
15925
14533
10520
14886
10481
18962
18477
12931
19735
5580
18294
17481
15774
9521
9045
463
4216
6179
12635
13983
17902
4251
14218
15233
8863
14278
8687
19703
13961
14497
16993
694
11736
10038
16108
6869
6301
9208
12438
992
13760
8179
6058
18522
5150
6071
5664
14194
16221
6709
6068
15238
5627
11908
13189
14448
19215
13853
19407
210
19258
17224
18095
16226
15618
15190
6245
18982
12370
16655
216
12419
98
9416
8943
41
12090
15389
2756
14635
10536
705
10479
16502
14208
15881
5420
10746
18558
18983
5279
673
10705
15366
17077
12035
18519
8905
5552
5505
13526
14300
5469
945
5611
731
16047
9504
8884
9624
17758
2032
11753
10556
19108
8775
8447
13933
155
13842
14330
888
15212
15638
4314
5269
11070
509
9094
502
11370
14986
1224
6029
9600
17118
8737
16739
7017
4440
11276
12001
10394
17653
12620
14116
18524
5583
7662
11031
8774
2767
9945
15433
19311
1198
3565
5322
7085
5511
5154
14211
1287
5503
17710
8028
8937
5928
4490
17773
15465
10933
11911
9041
10002
11132
10719
5462
1247
9242
18010
19319
10511
13315
13022
11809
8435
11921
13288
204
1237
16070
8711
193
8064
1187
5365
17527
14313
12361
14264
8031
212
5980
12795
13370
9471
616
9812
1270
5065
10564
7569
17892
19169
17818
16812
5453
18980
10899
16919
11359
432
122
17547
13789
17500
9666
13784
17468
17980
2751
10595
9212
19748
6632
1217
5995
9469
6429
6431
19701
18947
4205
9457
97
16849
9233
12051
136
14375
17235
8139
5632
13981
8791
9472
10137
13450
2763
17291
14680
10145
5687
15007
2745
18967
11071
12854
6027
5347
16283
993
13506
17844
2725
996
6872
17004
18520
16074
9700
19067
5079
15296
10272
19562
5276
8701
11663
15502
18094
17734
152
6562
429
9190
11871
10745
7967
15671
5643
12700
11103
13163
7009
5257
15897
150
19020
19282
4646
14306
6000
12451
15495
17643
9136
16677
5564
14316
12349
7668
11601
8809
11764
16052
13511
11897
12602
7837
15776
11059
15964
12174
1216
982
13879
15151
11316
16783
16586
17166
323
11888
16638
8723
6702
17959
8698
5346
16367
13394
19233
15354
5350
9056
6490
17915
12068
16343
9262
8123
15965
18386
8403
9148
11474
8183
2702
12351
15727
436
10831
11814
13008
14099
9140
17701
1188
14292
10550
13999
17726
6734
8802
18443
10895
5325
153
5281
9226
18442
8967
147
5338
18166
11772
11300
13391
16285
11259
12151
17575
14850
6668
5516
5330
459
9662
16749
18107
18556
460
11799
6706
9169
5650
14992
12900
10125
14286
16086
548
14346
10044
18080
5556
19147
12957
15789
5537
6038
9263
10342
3675
11629
10607
4970
14317
12045
9128
12848
17076
11811
7203
12522
18470
6003
6587
19489
15503
13514
15771
17119
10335
18767
9699
12824
4860
5541
10830
18014
15750
5613
159
8962
1185
14958
6698
9973
11336
202
12046
12423
17218
8126
6602
7739
14094
6784
11352
8722
7676
10041
9929
18009
13367
9630
11884
9909
5506
19747
16081
14507
12149
15499
5590
1162
16950
10562
12280
457
284
965
9388
160
13383
9151
5527
9048
19089
9240
6495
6342
7435
93
1223
14293
17993
15798
18593
13829
9467
10842
11542
7656
5480
17639
14331
10166
17578
16816
6462
18462
16590
190
14372
4738
5584
16591
18555
1009
5349
14638
4826
15509
1169
19582
707
7586
11709
15987
16996
14474
8727
624
1170
10333
1004
10131
19177
14907
17395
10567
178
9395
18544
15205
14464
11097
15492
17936
5487
4973
7644
15092
9970
18136
9359
5513
1220
17541
9245
15782
17310
4734
16085
19358
17579
12827
7334
5293
13356
16820
15230
15072
5517
10547
11938
15124
13378
18256
9433
6695
7583
442
11303
5335
15644
12847
7037
10572
5302
2130
1158
7535
19063
15012
13741
3510
16594
15166
314
596
18490
17914
15939
9132
9239
8790
15322
13486
6238
6630
182
17649
8792
8797
9155
15177
16077
16353
13675
15132
10544
9179
10546
5292
10052
608
7329
8965
18925
11880
195
16177
5491
11940
5485
17429
19566
13044
13440
16651
17770
172
10248
149
5314
15204
10046
11329
7579
5369
11704
8716
556
16185
11922
5442
16544
107
18927
9236
13202
11208
4430
12831
970
14049
7551
4072
168
5061
3052
7510
9742
12870
13966
16008
17702
17097
10543
19382
4324
230
8725
19381
17911
15790
181
18503
18915
16158
12839
12310
9346
10581
17231
11337
9343
17945
7051
17750
8099
1213
18335
9194
16637
5315
19165
3817
17716
10108
16940
9181
5318
9826
14997
9257
1152
2796
18465
17348
12576
5270
9466
9634
12838
17165
9668
15923
11715
19719
411
1182
1203
18857
2373
10247
14627
9259
48
18327
1174
16131
19267
16068
14987
19360
14991
18323
16019
166
14180
5261
19531
5282
157
35
6776
50
10147
9925
19481
17227
8729
13071
189
5697
10507
15677
17334
13817
179
1159
5301
8731
12570
15787
13178
6485
9952
13184
8715
12027
15624
8118
19447
9241
18466
13919
17939
18365
154
2689
14576
14178
3847
18013
1171
8963
14985
17492
91
18474
10835
9237
17098
18468
9730
16402
15684
3920
1536
18554
1175
18464
18467
177
14000
13852
8721
12560
18515
8166
151
187
720
6754
19294
15597
15590
1172
9251
17778
1160
11941
74
8116
13177
11928
22
176
169
1163
7966
185
156
6606
13206
12
19074
1156
14641
6722
17335
12523
15802
8813
13723
6742
8811
19235
15547
8471
12846
18984
18463
13673
2109
13201
15578
14526
18469
8212
13764
17383
7056
13750
11869
12844
5220
18473
18472
18471
16845
17381
8814
17913
9577
11558
14575
3444
16135
3753
3049
2249
2261
2256
12037
2221
3837
1993
2441
2437
14657
3494
16137
10306
3591
14562
2281
2473
13703
19648
3887
3731
2051
11501
13743
7901
14591
1248
11092
9854
