5738
12249
15479
16806
2580
3775
5471
16389
3883
3935
5414
10456
8120
15854
562
6073
11069
7675
8961
7637
15831
2228
18698
11469
2462
1334
3471
17474
10385
2893
2943
1957
18539
17635
11118
4963
15858
6338
15437
7610
5622
10504
670
13941
5827
2690
13895
2106
14064
3797
10194
19488
15615
7575
17436
14944
5889
326
9809
6940
2478
14011
15057
2608
8184
1997
792
17776
13115
11660
16607
7713
11889
10883
11595
6260
15489
13276
15038
13712
5981
12269
6808
15909
14467
1755
14328
5617
9554
12714
4904
12147
3848
19210
1428
19527
14835
7023
18329
12163
9120
4926
6779
18338
18116
6117
11404
16326
10912
5689
16096
16404
7578
16593
2034
4793
19413
14954
16624
17887
16649
17782
3897
15054
1600
8163
13265
9550
8684
10927
11855
10425
10063
14857
18748
1969
12753
18725
1020
6139
10050
13876
19645
17595
17973
6964
9910
14625
3422
5730
13536
7801
14588
18677
9579
18682
19756
4063
1308
7876
14263
2300
10563
11976
343
15822
7527
7062
4131
16572
6510
10058
4937
14492
10303
10755
6969
10915
8312
8046
19292
9601
18692
14373
13139
2307
2359
7384
17689
10711
10469
9933
12694
828
4888
5688
7112
7459
10970
10345
13786
6646
9409
8761
13897
17144
9957
14528
10519
16747
13924
16697
2447
11903
7707
18756
9944
12517
14514
7255
6098
16815
3045
54
5667
1240
10370
2060
12415
3522
1712
12746
7511
6173
13859
10288
17803
5271
10327
15568
2785
7633
6574
18548
6374
6868
10973
10894
1409
4863
11055
9449
226
6457
16053
12146
17137
3689
10368
719
18359
16075
18253
512
18238
250
349
527
1571
14710
19709
4796
7623
10565
15914
4933
5127
2619
15251
8638
3277
5099
11356
7913
7514
2292
6729
19306
18743
16232
18780
15178
8255
11521
18783
783
3101
17247
13309
18893
17994
2982
1613
15141
5950
3465
7571
8670
18325
13331
3541
12919
5935
447
16205
1056
183
2053
18694
8546
17269
15700
8321
2312
5781
11074
3416
3609
17897
18860
1358
12553
15235
1642
19736
12431
19103
13873
18758
7942
8342
923
6759
18146
2085
16574
16752
18450
12025
19221
7991
10554
6082
16157
4732
19321
6051
11441
15577
11147
8840
10743
895
17155
17727
4754
787
9848
14906
11089
5034
714
2039
14640
6445
12158
13363
16225
16279
18622
7737
5659
16440
16037
4967
15611
6469
8415
10559
6391
186
7946
5621
3489
4892
8648
18168
14206
12193
419
5703
2976
3612
7823
5600
12676
10217
16078
1370
14926
18397
18048
359
10203
7265
12303
3168
5990
3291
8253
7556
17941
12478
7430
6390
18373
9201
695
15244
17645
18679
1176
1303
3892
14379
2468
257
17442
2643
12270
9264
19262
13732
2635
845
14653
7490
8531
5651
15398
3626
5082
9562
17972
14765
645
8188
3415
12908
7497
8636
18042
8478
2125
18926
19438
14002
12619
288
6258
8823
1279
9532
9594
13295
6920
9130
60
4805
9852
811
1310
11194
8709
1615
17528
15589
2475
12164
15668
10175
4365
17774
15129
9827
9028
16193
2174
6155
16672
1832
79
10791
19033
11085
14236
4643
15323
4353
7872
1888
4839
14015
15791
14718
3492
1943
631
19361
17457
14674
17410
18213
13632
8047
18815
561
12777
1636
2990
10661
16615
7783
13048
9434
17164
17965
14220
6482
2336
17341
15674
9659
11447
6528
9587
12947
17044
9525
18547
15380
11905
17898
8156
12049
13075
1578
6924
16938
8170
12492
8616
15391
9172
9920
7123
11489
16369
11856
19309
8543
15346
3515
17043
2438
3162
11189
4621
14017
12256
14459
10104
9769
4173
821
6894
4613
18320
2181
10269
28
6512
15456
11324
17740
11403
13576
11858
17505
2684
3849
10666
2925
13679
7878
15152
3345
12008
18891
6352
18072
7207
11843
9788
12890
3901
17255
17085
15310
2712
6627
13932
6656
9865
11405
8122
19495
1103
14421
13639
14723
17753
12922
7670
3244
19532
7931
3353
7718
19112
15316
10672
13166
13509
19146
12255
19782
522
3991
14573
17674
4776
16982
19291
6597
10324
3094
5967
7679
3142
17398
9965
19157
10437
11084
15357
13342
1388
184
14928
10540
5714
11307
4258
13382
13420
14226
3446
6128
7110
16104
1192
2314
6674
19252
11944
8685
11353
10751
9683
9097
15565
2939
8186
2578
2898
13000
3509
4348
12329
10515
3008
5366
10648
4659
16890
19555
11026
19485
14959
8515
4291
16717
16101
17612
4194
12732
7060
4624
17148
6229
14679
9428
2761
7504
16583
7695
9577
11034
669
11558
391
18088
17849
12964
431
25
10192
11949
18058
7555
16818
5824
15583
13140
6021
5189
7906
16733
1276
1423
8094
2582
864
10778
12737
16974
18308
18798
6199
13032
4978
15079
8580
15620
17407
6586
18272
2843
17944
6694
19007
9638
11861
7791
8061
16107
2913
14575
10424
8307
15184
3444
6144
3028
7665
4566
7409
4674
17278
9789
15049
11886
4508
19333
11906
16278
15435
17976
10998
18604
16364
9536
19230
14659
9943
16135
18154
18537
16704
11449
14996
11039
14398
2894
15800
3871
1580
18401
4914
8088
9674
6685
16133
11372
13603
251
3532
5062
18633
5507
8175
9785
3503
8910
14138
4326
10122
17816
6264
8600
11467
12623
10084
12857
11114
8372
17709
13545
13613
3671
4174
16450
13393
17768
2150
13839
5020
12067
4692
12845
16663
708
15731
7411
5146
1436
1343
11775
5443
9127
9049
17952
6498
1942
11717
13649
9146
549
14711
473
5510
8454
4680
19286
413
7830
2994
1927
15369
18899
2570
4968
3329
5614
1094
1419
19468
15958
12778
16294
16740
13216
14179
8583
4021
17986
18179
17841
7536
13174
6875
12993
8375
10673
11305
4607
15009
18004
4032
16324
7765
8652
5875
7485
13676
16006
18310
1525
15060
802
7423
13207
10294
13151
325
16526
12727
3402
5672
2752
3753
17925
18681
4107
5336
13771
8926
3018
4703
6060
1061
2722
5498
4356
15616
3108
3049
2249
1919
13266
3854
1959
16652
7117
19357
10319
10776
9282
14943
2261
2256
17863
12488
3295
19457
8581
17199
10649
11183
16671
12037
6413
2221
1961
12981
15805
3449
14345
7724
14243
17741
863
3995
9810
19220
916
17226
7686
15941
3837
8332
13648
10712
11787
1993
1472
6190
15763
2441
18380
6124
6237
19281
12456
17198
14921
12616
6681
17441
13112
12948
1830
32
692
10209
10428
14327
2437
1493
19768
14682
14657
1050
2691
6686
4369
3339
17487
406
3494
15983
18149
16137
19229
10306
11485
3017
5554
7962
11952
3591
10109
15497
5374
17009
15641
9031
7740
13930
9651
17414
7947
18870
17574
14562
2044
16260
45
4212
2281
13698
4110
10220
9693
2473
1420
1291
18632
8315
9717
1594
17215
13607
1345
15156
5048
9845
8036
7233
2554
10123
9684
16111
11748
752
12333
14140
7716
971
9892
5084
4287
15167
5804
13487
11134
14838
17005
5594
4966
4971
7547
11794
3323
10938
3887
8960
476
762
3731
10148
17385
10241
17977
8058
12989
19552
1737
13748
12485
15473
6406
11767
9499
14427
13743
18997
12179
19443
12427
4522
11783
10799
1210
1501
7901
1734
5036
16640
12140
14591
13990
17550
1307
9260
786
16832
13094
15343
15140
1911
11887
13641
5434
1766
10279
9886
17868
37
11092
9854
1005
6531
8617
15210
5147
4041
997
8218
2677
13233
5756
16686
8208
14240
2829
12805
15921
2974
12378
6534
17876
4034
19339
17744
12661
15803
19212
15526
16028
1944
6975
17687
4362
4509
6736
11347
17317
13251
426
1632
16768
14450
450
14383
3260
3640
16968
19787
11593
18391
5676
7566
17754
19511
9373
19064
18603
6397
2603
13372
9805
6119
19646
11744
15466
7018
617
14190
16986
16712
3606
7170
10443
14600
10163
949
14013
5974
18177
13652
7479
19234
17061
9197
11212
883
14714
7643
18460
1649
4357
1443
8392
939
18280
2805
18573
3547
3686
12756
17408
3319
16382
973
3843
19247
18303
12264
1881
4998
12294
5075
2558
14539
3360
13492
9806
10383
4114
1626
7446
1895
1053
3013
772
2703
353
6682
1273
2731
6250
19746
11229
6150
11578
15600
5025
17357
13187
13348
8076
7888
2911
6880
1430
3663
7833
13409
14565
13645
7146
11178
1953
15901
16194
18357
9329
10523
15781
17191
15744
3983
133
9862
8462
3247
14382
1968
4532
4104
6161
8389
475
10884
3909
9825
10634
19028
2403
9704
17344
18024
4305
16347
17502
10577
6994
1950
11086
11236
5255
4642
10136
9277
15104
3555
7478
13080
16819
1662
17058
11424
809
6979
18078
17326
13038
4819
10218
16412
8127
4224
4375
8682
8815
19171
15047
17000
568
12004
9494
4856
1559
17175
5852
16433
5788
12719
11589
1758
12355
14523
4142
13261
10299
15068
17640
8667
10717
13360
18067
7505
3818
14246
16895
11618
3664
6561
18252
18523
408
7818
9468
10199
18844
13878
9142
13114
11037
16245
9746
13951
18689
11808
4801
4636
4649
6690
6274
1835
18658
12710
7209
7397
6083
13690
9430
12043
2389
15208
8317
84
3941
7092
7898
15342
7859
19623
3670
7468
2630
1841
557
12055
7361
13004
19673
12985
8383
3856
19412
4225
2808
5200
11724
1728
10149
13547
10249
8874
13588
17731
4964
14209
6558
11802
5252
14192
7248
6266
2999
6519
9258
6026
8299
2560
12593
13715
9176
3990
16026
6288
10920
13530
18727
6259
12975
6430
12547
6672
5202
1043
11242
5883
1218
17154
17438
174
13146
15619
6287
17497
13994
3331
4843
12281
16434
15836
9310
19098
4474
8611
2991
13307
7210
9518
8594
12528
3792
140
7107
4721
8782
15561
9877
10176
1261
17358
17543
6518
17610
15633
7442
13241
7538
1378
5783
14524
4197
9337
6283
2083
8510
10534
13172
283
10775
16835
4152
4563
2981
16253
3027
10667
8609
4724
18461
18778
19628
4542
1445
2426
295
14113
1402
14501
15888
9514
14795
14027
9712
19284
10001
18976
10118
3205
3894
4570
16056
9389
1450
19494
17874
867
6992
10783
17388
14175
16606
2641
16808
2581
7119
16003
13906
1833
4599
7949
9276
7938
10913
13223
8753
354
1836
13533
11743
13339
13191
5115
8111
9451
5915
11754
14066
16360
8042
9214
3039
14239
8977
11176
16879
1972
14741
17440
9377
13018
2870
11006
13285
17872
11901
7681
7345
17537
4745
1848
1756
356
8225
16411
4381
524
11639
11656
6540
9152
13762
9458
11564
17456
14289
18064
9311
4603
12085
6522
2863
11362
12520
5897
2936
15353
8205
9752
2729
8322
12984
13953
7109
14215
17861
12683
18734
14424
14204
18223
17367
4559
6825
537
19243
17362
403
15716
86
17678
6720
11638
11392
3188
10877
4312
5064
11237
10144
3151
12107
6611
16696
1017
6789
13047
5070
12886
4979
17484
242
19192
12866
221
9618
8398
9072
9703
8441
7287
12298
8366
1405
4361
5539
12168
5895
11272
4567
10378
11936
5478
18755
17846
10121
2590
3907
6996
9444
10238
12489
16442
19394
322
17392
7488
4437
12856
18353
9009
5920
661
18543
11200
8697
11119
10728
1754
16600
5868
10740
1418
15899
16391
16305
4545
10630
950
10747
5692
9740
8467
14542
13617
9564
17062
3665
12286
6479
1282
8593
13421
19058
9436
12082
5642
12243
1386
3281
12715
2766
12192
5398
13158
17637
5754
9483
15885
6409
6775
4772
9247
12167
1631
4587
18808
11915
16798
19349
14311
6099
8981
15504
4778
13550
5562
9073
14784
7881
8931
17038
7677
8193
3985
12790
6438
4160
14754
17010
12992
6407
12210
16383
5058
1154
12197
17850
171
4565
10382
16742
13768
1382
4366
17890
16548
435
15544
12053
18881
18163
16290
15032
11428
4823
9936
859
13890
13395
4610
15952
13493
10381
17347
3921
1521
17266
13377
16854
39
9192
14502
8091
5940
12691
12205
2856
15819
3687
17284
606
10823
14259
14853
6454
19250
10440
10513
1603
4838
15982
15984
15363
4682
7824
1401
11752
15395
15506
8337
16679
10019
2176
1854
7453
14875
1555
8804
17371
5232
1070
8115
15469
7937
1644
14519
2639
17686
18446
1533
14764
1481
2757
18217
854
13615
11295
18986
12577
12202
16976
972
8396
14693
12765
4672
5586
7302
10343
13220
6160
19322
1429
18731
8666
66
12086
17613
9901
11064
8950
15609
6800
11990
7932
7732
17761
11322
18892
13379
768
7774
16726
1981
5212
16292
14499
1867
8901
11354
3313
9802
12036
8363
3625
6040
18970
13916
4744
18475
7904
227
19185
13098
8607
15214
851
13967
13221
16207
19062
10035
6032
15025
13182
16520
9039
2860
8427
12596
14399
599
14780
14308
12705
1263
5445
453
18257
6203
12664
12793
1556
19163
18576
18624
11228
1201
15150
8020
10906
11667
9115
1166
237
16931
1145
13179
7856
10244
10461
4578
13292
12138
13485
17075
2510
9188
6608
4484
10130
11780
12103
15308
18696
3
17619
5214
15957
17041
7348
5259
15303
9734
5680
14687
15552
17115
10263
13991
13352
423
8806
789
13160
2831
14098
9636
11994
12157
18196
6080
16866
18453
18835
6833
17052
9050
1930
434
17599
12972
14456
6881
12218
393
18985
9126
14078
18942
11401
8557
15227
16355
7817
18135
17288
10760
6009
2908
10452
7748
16776
15608
1865
2817
15390
15549
1044
14268
5540
8878
15268
10362
16234
8948
740
9011
5700
14053
2697
15823
14295
11640
5890
13445
18690
10900
5245
10793
799
12901
19426
17464
6834
2862
17059
15281
13727
5690
2768
914
19695
8054
14482
5602
220
13488
4885
12403
2788
7714
17462
8668
8147
1490
17880
335
13700
10773
11669
5363
10638
8624
15309
6157
13982
14241
18092
5693
17096
14479
18436
11651
7777
1002
14324
9948
8758
4202
8882
18090
6758
6581
191
12906
10537
12453
17824
4875
7385
11647
15925
14533
10520
14886
6538
908
10481
18962
18477
12931
3447
10790
19735
5580
18294
17481
17842
6612
15774
9521
16189
9045
1700
463
4216
6179
12635
1456
18362
9081
278
13983
17902
4251
14218
15233
8863
14278
1685
12597
12175
8687
7015
19703
13961
14497
16993
694
11736
17296
14412
10038
16108
6869
6301
9208
1778
12438
992
9491
13760
8179
7775
6058
18522
5150
14091
12641
17003
6071
5664
14194
16221
6709
6068
15238
13091
17657
5627
3964
9278
11908
9110
13189
14448
10797
19215
13853
19407
210
19258
17224
18095
16226
15618
15190
6245
18982
7965
18454
12370
16370
16655
216
9413
17298
12419
98
9416
2888
8943
41
12090
761
2937
16127
15389
2756
14635
656
10536
705
10479
5117
16502
14208
15881
798
17200
5420
10746
18558
18983
7683
5279
673
12005
10705
15366
17077
12035
18519
8905
16248
9619
5552
5505
8585
13526
3961
14300
9478
5469
945
5611
731
6372
16047
9504
671
12125
8884
6281
9624
5919
17758
2032
11753
15556
10556
19108
2812
8775
12104
8447
13933
155
2496
13842
424
14330
888
964
15212
12424
15638
4314
5269
11070
10347
509
369
9094
502
11370
14986
1224
6029
17962
9600
10889
17118
8737
16739
12186
7017
346
13824
4440
8452
18878
11276
14826
12001
15605
19458
10394
2387
10032
17653
12620
14116
2869
8004
7858
17565
18524
5583
7662
810
11031
15846
2807
8774
2767
16828
9945
15433
19311
1198
3565
18782
5322
401
17149
18999
9380
15835
7085
5511
5154
6320
16243
14211
1444
18940
11929
6197
8029
1287
5503
17710
9479
6214
18762
8028
8937
16995
5928
4490
7841
19214
13802
17773
15465
13169
9556
10933
11911
9041
10002
14156
11132
13095
8985
580
10719
5462
1247
9242
18010
19319
10511
13315
13022
11141
18416
11809
8435
11921
13288
17815
204
1237
16070
8711
193
8064
1187
18422
5365
17527
4370
18232
14313
10629
12091
12361
14264
8918
5123
8031
8056
212
5980
12795
18172
9476
8084
16539
13370
19301
9471
12253
8450
11615
6048
1408
14491
616
9812
8779
10538
1270
11345
5065
10564
5499
18848
7569
2018
17892
19169
16796
17818
4417
16812
5453
18980
5238
10899
10239
16919
11359
432
15020
122
8958
18247
16569
559
8778
8768
17547
6193
13789
574
17500
9666
19296
13784
17468
17980
2751
10595
9212
19748
6632
2302
274
1217
5995
15963
865
6070
9469
6429
6431
19701
18947
4205
9457
6112
97
3910
16849
9233
12051
136
14375
1415
17235
8902
9946
18906
8139
5632
13981
8791
9472
10137
16863
16689
13357
5912
13450
11977
2763
5914
17291
17253
14680
10145
56
5687
10184
17064
15007
13598
15131
18802
1356
2745
9841
18967
4465
11071
12854
6027
12099
8871
8881
11214
5347
16283
11317
11341
15507
11233
6211
993
13506
16235
17844
626
2725
10047
996
6563
6872
17004
11245
3363
12191
18520
16074
9700
19067
5079
15296
17794
10272
14160
19562
5276
8701
11663
15502
18094
17734
16964
152
6140
6562
429
9190
11871
10745
5371
14873
7967
15671
1457
13049
11412
13736
11357
5643
4869
1227
12700
17628
2398
10171
11103
8605
1325
13163
15229
18968
7009
5257
15897
15692
150
13555
19020
19282
3979
17853
4646
6178
92
62
14306
6000
12451
8935
15495
17643
9136
12308
13029
18258
16677
5564
14316
12349
1470
4492
7668
11601
14469
8809
14913
6131
11764
16052
7993
80
13511
16644
11897
8529
12602
7837
14701
6059
13927
12259
15776
700
11059
15964
12174
11258
14181
553
9294
1216
12421
982
13879
15151
14637
11316
4473
16783
11987
16586
17166
323
11888
16638
8027
15875
8679
14895
128
8723
5184
6702
17473
17959
6249
8698
5346
16367
8947
13394
19233
15354
13840
5747
5350
19194
9056
10997
16582
6490
17915
19442
5219
479
12068
16343
9262
10905
18966
8123
6191
8851
12973
14512
13246
15965
15384
18386
6108
9786
8403
9148
6113
2295
11474
8183
8639
18290
9
8502
7857
13557
16883
9390
13017
2702
15682
12454
12351
8858
11346
15727
13656
8474
436
10831
11385
8929
52
11814
8921
13008
18345
10714
14099
9140
17752
19680
17701
1188
14292
5628
10550
13999
19400
16004
17726
2769
17020
5961
15889
5648
8818
18233
6734
15882
8802
18443
1300
14490
10895
5325
10006
11674
18941
14543
7802
5938
153
19274
5281
9226
11762
18180
18442
8967
147
5338
18166
11772
16261
11300
12007
16557
13666
1069
13391
16285
11259
12151
644
17575
14850
17402
5181
6668
5516
5330
19216
459
16810
11124
13622
681
9662
16749
18107
6856
10014
15040
15688
8970
18556
13459
5387
460
5653
11799
15810
6706
8940
38
9169
5650
14992
12900
10125
5173
18447
14286
16086
12384
2737
18382
14891
18404
15683
548
14346
10044
18080
120
15276
5556
7542
13200
10693
19147
10459
12957
15789
5537
6038
9263
10342
3675
11629
135
10607
4970
14317
11507
12045
566
141
109
1222
5668
9128
15022
14104
13646
13323
15772
17985
12848
516
17076
11811
11210
7203
12522
715
18470
9857
6003
6587
5438
3196
19489
5686
15503
13514
15771
17119
10335
5217
6517
94
15690
18767
9699
11148
533
12824
4860
10792
13204
14135
5541
5405
8748
131
10830
16106
18014
15750
5613
159
14321
8962
1185
15959
9206
11016
14958
6698
9973
11336
8908
17221
202
12046
1295
11763
12423
6010
17218
19694
6625
8126
6602
8976
6222
7739
14094
6784
8626
11352
8722
4785
7676
14505
14198
10041
7032
9929
18009
13367
6025
9630
11884
9909
5506
13963
19747
16081
14507
16504
12149
15499
5590
9427
18405
1162
16950
15906
10562
12280
457
284
15293
19367
965
9388
160
13383
9151
5527
2704
9048
1242
13747
19089
8736
9240
15811
6495
2735
9204
6342
7435
14173
93
9205
1223
14293
17993
15426
16702
15003
12853
15798
11778
8504
18593
13829
18736
15603
13481
9467
10842
11542
17465
16011
7656
17535
5480
5432
11942
2719
11251
5148
17639
9446
14331
10166
17578
9529
16816
6462
18462
16590
190
14372
16255
4738
5584
5474
16591
18555
2755
13143
15324
1009
5349
5663
14638
4826
5195
19707
8158
18031
15509
1169
19582
11955
707
10076
7451
5394
18106
7586
11709
7289
15987
16996
14474
8727
624
1170
12166
18497
10333
13400
1004
10131
12988
19177
14121
9232
14907
12999
15778
17395
5620
10567
178
19510
18754
8092
9395
16418
5388
18544
17607
15205
14464
11097
8153
15492
5400
4283
17936
5487
4973
7644
17124
15092
9970
18136
16792
9359
5513
1220
5447
17541
9245
15782
17310
4734
16085
19358
17579
12827
17389
7334
10722
5293
13356
6417
6508
16820
15230
15072
5517
10547
11938
6401
18370
15693
15124
9738
5532
5411
13378
18256
9433
14347
17991
6695
7583
5623
13441
5563
17114
12874
442
19140
5649
11303
5335
15644
12847
5458
7037
10572
12792
10491
5988
5302
14310
2130
1158
7535
19063
15012
13741
3510
16594
15166
314
12439
649
8165
596
18490
18521
17914
18292
15939
9132
9239
8790
15322
11320
13486
6238
6630
182
17649
8792
14287
8797
9989
9155
15976
15177
16077
16353
13675
9811
428
15132
8168
16475
10544
14484
9179
18637
9807
10546
5292
10052
14303
14910
608
7329
8965
18925
13081
16038
11880
7399
195
16177
5491
11940
5485
17429
19566
13044
13440
16651
17770
172
10248
149
19456
5314
15204
10046
5578
11329
7579
5369
10030
11704
8716
556
16185
5351
5633
11922
5490
5442
18086
5024
16544
107
18927
8178
9236
13202
18452
14988
9223
11208
4430
12831
5679
16598
970
14049
7551
4072
10386
19003
168
5061
3052
7510
2919
5495
9742
17056
12870
13966
5559
16008
10944
8128
3879
17702
17097
10543
12512
9982
19382
4426
4324
230
6018
8725
19381
14377
17911
10051
15790
181
5673
8672
222
18503
18915
16158
12839
17013
18437
12310
6696
652
19084
9346
8134
10581
17231
8136
13381
5370
6024
11337
16529
9343
17945
7051
17750
18317
16992
8099
17121
7861
13575
1213
19558
18335
17540
8805
5764
9194
16637
5315
9605
19165
3817
17716
8157
462
17239
10108
17327
16604
16940
454
9181
15818
5318
15216
9826
14997
7355
9257
1152
11895
9755
11409
2796
9054
10466
13059
6504
18465
17348
12576
5270
9466
5493
13965
8800
18649
12921
9175
9634
984
12838
17793
11545
17165
7851
4327
7076
14076
9166
9668
15923
11715
19719
17703
411
1182
1007
1203
15170
197
18857
2373
13219
14705
8162
14676
10247
14627
9259
6766
48
9597
18327
8112
10979
455
13281
5610
12442
1215
5353
17869
1174
16131
9162
9962
14995
19267
15030
19708
200
18499
16068
10715
14261
5547
19332
17835
5609
14987
15785
10989
19061
196
10338
19360
14991
18323
16320
5331
15817
9080
19155
15978
10568
16019
166
998
14180
5261
4790
19531
19144
16837
13347
5282
157
17963
35
10023
6776
50
10147
16322
994
11465
9925
19481
17227
9549
10560
5581
17220
985
7649
8729
17646
9607
316
16847
17257
17187
17270
14990
18195
19684
5484
17168
5572
18693
7891
13071
15792
9609
189
5697
15896
17582
10507
5334
13102
15677
11634
15559
6837
17334
13817
8391
179
5504
5479
5280
1159
10561
5301
9150
6573
8591
8731
5518
19556
17707
8524
1003
11694
18119
11732
17542
12570
8794
15787
11544
15415
15598
13178
6485
9952
11730
13184
8715
1206
5287
9824
19404
12027
15624
18566
8118
5324
9926
10948
10161
12307
14291
9123
9144
5550
5567
9599
5364
6426
16619
4342
10530
8207
19447
9241
18466
5356
13919
17939
15788
18365
10928
9404
18589
5284
16799
5380
4419
154
5288
2689
9141
19060
14576
16316
14178
3847
18922
5492
5360
611
18013
6600
7202
1171
6677
5294
8963
11700
17733
7652
5376
16327
11699
14985
17454
19225
18132
18574
7645
17492
1214
10575
91
18474
10835
9237
13970
17366
17098
11008
14454
18468
9730
13984
6515
16402
15684
3920
16947
16341
16423
17493
1536
5382
15002
8713
11731
14993
17982
18554
1175
18464
17050
18467
177
14000
8345
13852
15409
8721
15161
12560
18515
10541
12638
10551
8166
5289
5779
151
5696
18128
187
5312
13609
5256
720
6754
16172
19294
5266
12578
15597
1178
15206
9191
12636
9649
963
201
12445
9498
15590
1172
11011
10855
18346
10963
19536
17234
16115
16751
14521
9251
17084
17778
10493
13097
12572
16781
1160
5702
11941
74
12584
8116
15784
12911
13761
12950
16657
13177
8718
16979
11928
22
17378
12603
17453
176
9248
9252
12983
18017
1190
169
1163
17130
1177
9637
14083
7966
18587
19386
185
156
9244
6606
11321
9669
18605
19422
13206
18805
5515
12
10196
19074
16125
10132
13051
12033
5323
5298
19380
1156
14641
6722
13640
13807
12949
17335
12523
13570
18567
15135
16653
15780
15802
19744
8813
7295
5286
17342
16017
1938
13723
6742
8811
8728
5260
19378
19235
15614
19383
14622
15850
5695
15547
5691
8471
12846
18984
19379
14612
18463
11649
18550
5258
7253
13673
7613
6676
12907
2109
13201
1167
15578
6741
14001
15446
14639
11935
15686
17289
9919
14526
18469
19387
11104
14070
9235
14069
6579
8212
13764
17383
7056
36
1165
11100
8681
18546
13750
16545
1168
11869
12844
12823
9261
5220
8150
192
12639
18244
15545
15647
13211
13232
1173
162
14643
9246
19359
2598
9193
19248
14613
175
10451
163
1157
18473
19
15651
10135
911
18732
1164
8968
1155
18387
10380
6527
18472
659
13193
6589
15646
8458
194
180
13738
12813
4441
164
938
6535
19445
18471
173
15472
13208
165
16378
17214
16845
6362
188
17381
13755
8814
19249
77
17913
3864
167
4435
19534
13753
13703
19648
2051
11501
1248
2345
8886
2084
14934
2493
2469
2465
2075
18225
2102
2023
18336
3341
14933
3757
14731
2455
19726
2043
2514
3850
3593
9831
7919
2274
11621
11560
2375
10308
2222
11436
16718
11623
7186
13552
9585
19237
6543
3751
10193
6901
9836
3627
10995
3483
16473
6536
2104
2477
7391
3845
9016
19728
14605
16491
14847
18126
15272
13134
6914
12491
10028
6995
9410
12808
15317
1581
2212
3568
3126
3192
2015
2532
15595
7250
10259
6882
3452
3701
3852
3059
14534
8019
6853
19304
6446
